000001,000000
000004,000003
000007,000006
000010,000009
000013,000012
000016,000015
000019,000018
000022,000021
000025,000024
000028,000027
000031,000030
000034,000033
000037,000036
000040,000039
000043,000042
000046,000045
000049,000048
000052,000051
000055,000054
000058,000057
000061,000060
000064,000063
000067,000066
000070,000069
000073,000072
000076,000075
000079,000078
000082,000081
000085,000084
000088,000087
000091,000090
000094,000093
000097,000096
000100,000099
000103,000102
000106,000105
000109,000108
000112,000111
000115,000114
000118,000117
000121,000120
000124,000123
000127,000126
000130,000129
000133,000132
000136,000135
000139,000138
000142,000141
000145,000144
000148,000147
000151,000150
000154,000153
000157,000156
000160,000159
000163,000162
000166,000165
000169,000168
000172,000171
000175,000174
000178,000177
000181,000180
000184,000183
000187,000186
000190,000189
000193,000192
000196,000195
000199,000198
000202,000201
000205,000204
000208,000207
000211,000210
000214,000213
000217,000216
000220,000219
000223,000222
000226,000225
000229,000228
000232,000231
000235,000234
000238,000237
000241,000240
000244,000243
000247,000246
000250,000249
000253,000252
000256,000255
000259,000258
000262,000261
000265,000264
000268,000267
000271,000270
000274,000273
000277,000276
000280,000279
000283,000282
000286,000285
000289,000288
000292,000291
000295,000294
000298,000297
000301,000300
000304,000303
000307,000306
000310,000309
000313,000312
000316,000315
000319,000318
000322,000321
000325,000324
000328,000327
000331,000330
000334,000333
000337,000336
000340,000339
000343,000342
000346,000345
000349,000348
000352,000351
000355,000354
000358,000357
000361,000360
000364,000363
000367,000366
000370,000369
000373,000372
000376,000375
000379,000378
000382,000381
000385,000384
000388,000387
000391,000390
000394,000393
000397,000396
000400,000399
000403,000402
000406,000405
000409,000408
000412,000411
000415,000414
000418,000417
000421,000420
000424,000423
000427,000426
000430,000429
000433,000432
000436,000435
000439,000438
000442,000441
000445,000444
000448,000447
000451,000450
000454,000453
000457,000456
000460,000459
000463,000462
000466,000465
000469,000468
000472,000471
000475,000474
000478,000477
000481,000480
000484,000483
000487,000486
000490,000489
000493,000492
000496,000495
000499,000498
000502,000501
000505,000504
000508,000507
000511,000510
000514,000513
000517,000516
000520,000519
000523,000522
000526,000525
000529,000528
000532,000531
000535,000534
000538,000537
000541,000540
000544,000543
000547,000546
000550,000549
000553,000552
000556,000555
000559,000558
000562,000561
000565,000564
000568,000567
000571,000570
000574,000573
000577,000576
000580,000579
000583,000582
000586,000585
000589,000588
000592,000591
000595,000594
000598,000597
000601,000600
000604,000603
000607,000606
000610,000609
000613,000612
000616,000615
000619,000618
000622,000621
000625,000624
000628,000627
000631,000630
000634,000633
000637,000636
000640,000639
000643,000642
000646,000645
000649,000648
000652,000651
000655,000654
000658,000657
000661,000660
000664,000663
000667,000666
000670,000669
000673,000672
000676,000675
000679,000678
000682,000681
000685,000684
000688,000687
000691,000690
000694,000693
000697,000696
000700,000699
000703,000702
000706,000705
000709,000708
000712,000711
000715,000714
000718,000717
000721,000720
000724,000723
000727,000726
000730,000729
000733,000732
000736,000735
000739,000738
000742,000741
000745,000744
000748,000747
000751,000750
000754,000753
000757,000756
000760,000759
000763,000762
000766,000765
000769,000768
000772,000771
000775,000774
000778,000777
000781,000780
000784,000783
000787,000786
000790,000789
000793,000792
000796,000795
000799,000798
000802,000801
000805,000804
000808,000807
000811,000810
000814,000813
000817,000816
000820,000819
000823,000822
000826,000825
000829,000828
000832,000831
000835,000834
000838,000837
000841,000840
000844,000843
000847,000846
000850,000849
000853,000852
000856,000855
000859,000858
000862,000861
000865,000864
000868,000867
000871,000870
000874,000873
000877,000876
000880,000879
000883,000882
000886,000885
000889,000888
000892,000891
000895,000894
000898,000897
000901,000900
000904,000903
000907,000906
000910,000909
000913,000912
000916,000915
000919,000918
000922,000921
000925,000924
000928,000927
000931,000930
000934,000933
000937,000936
000940,000939
000943,000942
000946,000945
000949,000948
000952,000951
000955,000954
000958,000957
000961,000960
000964,000963
000967,000966
000970,000969
000973,000972
000976,000975
000979,000978
000982,000981
000985,000984
000988,000987
000991,000990
000994,000993
000997,000996
001000,000999
001003,001002
001006,001005
001009,001008
001012,001011
001015,001014
001018,001017
001021,001020
001024,001023
001027,001026
001030,001029
001033,001032
001036,001035
001039,001038
001042,001041
001045,001044
001048,001047
001051,001050
001054,001053
001057,001056
001060,001059
001063,001062
001066,001065
001069,001068
001072,001071
001075,001074
001078,001077
001081,001080
001084,001083
001087,001086
001090,001089
001093,001092
001096,001095
001099,001098
001102,001101
001105,001104
001108,001107
001111,001110
001114,001113
001117,001116
001120,001119
001123,001122
001126,001125
001129,001128
001132,001131
001135,001134
001138,001137
001141,001140
001144,001143
001147,001146
001150,001149
001153,001152
001156,001155
001159,001158
001162,001161
001165,001164
001168,001167
001171,001170
001174,001173
001177,001176
001180,001179
001183,001182
001186,001185
001189,001188
001192,001191
001195,001194
001198,001197
001201,001200
001204,001203
001207,001206
001210,001209
001213,001212
001216,001215
001219,001218
001222,001221
001225,001224
001228,001227
001231,001230
001234,001233
001237,001236
001240,001239
001243,001242
001246,001245
001249,001248
001252,001251
001255,001254
001258,001257
001261,001260
001264,001263
001267,001266
001270,001269
001273,001272
001276,001275
001279,001278
001282,001281
001285,001284
001288,001287
001291,001290
001294,001293
001297,001296
001300,001299
001303,001302
001306,001305
001309,001308
001312,001311
001315,001314
001318,001317
001321,001320
001324,001323
001327,001326
001330,001329
001333,001332
001336,001335
001339,001338
001342,001341
001345,001344
001348,001347
001351,001350
001354,001353
001357,001356
001360,001359
001363,001362
001366,001365
001369,001368
001372,001371
001375,001374
001378,001377
001381,001380
001384,001383
001387,001386
001390,001389
001393,001392
001396,001395
001399,001398
001402,001401
001405,001404
001408,001407
001411,001410
001414,001413
001417,001416
001420,001419
001423,001422
001426,001425
001429,001428
001432,001431
001435,001434
001438,001437
001441,001440
001444,001443
001447,001446
001450,001449
001453,001452
001456,001455
001459,001458
001462,001461
001465,001464
001468,001467
001471,001470
001474,001473
001477,001476
001480,001479
001483,001482
001486,001485
001489,001488
001492,001491
001495,001494
001498,001497
001501,001500
001504,001503
001507,001506
001510,001509
001513,001512
001516,001515
001519,001518
001522,001521
001525,001524
001528,001527
001531,001530
001534,001533
001537,001536
001540,001539
001543,001542
001546,001545
001549,001548
001552,001551
001555,001554
001558,001557
001561,001560
001564,001563
001567,001566
001570,001569
001573,001572
001576,001575
001579,001578
001582,001581
001585,001584
001588,001587
001591,001590
001594,001593
001597,001596
001600,001599
001603,001602
001606,001605
001609,001608
001612,001611
001615,001614
001618,001617
001621,001620
001624,001623
001627,001626
001630,001629
001633,001632
001636,001635
001639,001638
001642,001641
001645,001644
001648,001647
001651,001650
001654,001653
001657,001656
001660,001659
001663,001662
001666,001665
001669,001668
001672,001671
001675,001674
001678,001677
001681,001680
001684,001683
001687,001686
001690,001689
001693,001692
001696,001695
001699,001698
001702,001701
001705,001704
001708,001707
001711,001710
001714,001713
001717,001716
001720,001719
001723,001722
001726,001725
001729,001728
001732,001731
001735,001734
001738,001737
001741,001740
001744,001743
001747,001746
001750,001749
001753,001752
001756,001755
001759,001758
001762,001761
001765,001764
001768,001767
001771,001770
001774,001773
001777,001776
001780,001779
001783,001782
001786,001785
001789,001788
001792,001791
001795,001794
001798,001797
001801,001800
001804,001803
001807,001806
001810,001809
001813,001812
001816,001815
001819,001818
001822,001821
001825,001824
001828,001827
001831,001830
001834,001833
001837,001836
001840,001839
001843,001842
001846,001845
001849,001848
001852,001851
001855,001854
001858,001857
001861,001860
001864,001863
001867,001866
001870,001869
001873,001872
001876,001875
001879,001878
001882,001881
001885,001884
001888,001887
001891,001890
001894,001893
001897,001896
001900,001899
001903,001902
001906,001905
001909,001908
001912,001911
001915,001914
001918,001917
001921,001920
001924,001923
001927,001926
001930,001929
001933,001932
001936,001935
001939,001938
001942,001941
001945,001944
001948,001947
001951,001950
001954,001953
001957,001956
001960,001959
001963,001962
001966,001965
001969,001968
001972,001971
001975,001974
001978,001977
001981,001980
001984,001983
001987,001986
001990,001989
001993,001992
001996,001995
001999,001998
002002,002001
002005,002004
002008,002007
002011,002010
002014,002013
002017,002016
002020,002019
002023,002022
002026,002025
002029,002028
002032,002031
002035,002034
002038,002037
002041,002040
002044,002043
002047,002046
002050,002049
002053,002052
002056,002055
002059,002058
002062,002061
002065,002064
002068,002067
002071,002070
002074,002073
002077,002076
002080,002079
002083,002082
002086,002085
002089,002088
002092,002091
002095,002094
002098,002097
002101,002100
002104,002103
002107,002106
002110,002109
002113,002112
002116,002115
002119,002118
002122,002121
002125,002124
002128,002127
002131,002130
002134,002133
002137,002136
002140,002139
002143,002142
002146,002145
002149,002148
002152,002151
002155,002154
002158,002157
002161,002160
002164,002163
002167,002166
002170,002169
002173,002172
002176,002175
002179,002178
002182,002181
002185,002184
002188,002187
002191,002190
002194,002193
002197,002196
002200,002199
002203,002202
002206,002205
002209,002208
002212,002211
002215,002214
002218,002217
002221,002220
002224,002223
002227,002226
002230,002229
002233,002232
002236,002235
002239,002238
002242,002241
002245,002244
002248,002247
002251,002250
002254,002253
002257,002256
002260,002259
002263,002262
002266,002265
002269,002268
002272,002271
002275,002274
002278,002277
002281,002280
002284,002283
002287,002286
002290,002289
002293,002292
002296,002295
002299,002298
002302,002301
002305,002304
002308,002307
002311,002310
002314,002313
002317,002316
002320,002319
002323,002322
002326,002325
002329,002328
002332,002331
002335,002334
002338,002337
002341,002340
002344,002343
002347,002346
002350,002349
002353,002352
002356,002355
002359,002358
002362,002361
002365,002364
002368,002367
002371,002370
002374,002373
002377,002376
002380,002379
002383,002382
002386,002385
002389,002388
002392,002391
002395,002394
002398,002397
002401,002400
002404,002403
002407,002406
002410,002409
002413,002412
002416,002415
002419,002418
002422,002421
002425,002424
002428,002427
002431,002430
002434,002433
002437,002436
002440,002439
002443,002442
002446,002445
002449,002448
002452,002451
002455,002454
002458,002457
002461,002460
002464,002463
002467,002466
002470,002469
002473,002472
002476,002475
002479,002478
002482,002481
002485,002484
002488,002487
002491,002490
002494,002493
002497,002496
002500,002499
002503,002502
002506,002505
002509,002508
002512,002511
002515,002514
002518,002517
002521,002520
002524,002523
002527,002526
002530,002529
002533,002532
002536,002535
002539,002538
002542,002541
002545,002544
002548,002547
002551,002550
002554,002553
002557,002556
002560,002559
002563,002562
002566,002565
002569,002568
002572,002571
002575,002574
002578,002577
002581,002580
002584,002583
002587,002586
002590,002589
002593,002592
002596,002595
002599,002598
002602,002601
002605,002604
002608,002607
002611,002610
002614,002613
002617,002616
002620,002619
002623,002622
002626,002625
002629,002628
002632,002631
002635,002634
002638,002637
002641,002640
002644,002643
002647,002646
002650,002649
002653,002652
002656,002655
002659,002658
002662,002661
002665,002664
002668,002667
002671,002670
002674,002673
002677,002676
002680,002679
002683,002682
002686,002685
002689,002688
002692,002691
002695,002694
002698,002697
002701,002700
002704,002703
002707,002706
002710,002709
002713,002712
002716,002715
002719,002718
002722,002721
002725,002724
002728,002727
002731,002730
002734,002733
002737,002736
002740,002739
002743,002742
002746,002745
002749,002748
002752,002751
002755,002754
002758,002757
002761,002760
002764,002763
002767,002766
002770,002769
002773,002772
002776,002775
002779,002778
002782,002781
002785,002784
002788,002787
002791,002790
002794,002793
002797,002796
002800,002799
002803,002802
002806,002805
002809,002808
002812,002811
002815,002814
002818,002817
002821,002820
002824,002823
002827,002826
002830,002829
002833,002832
002836,002835
002839,002838
002842,002841
002845,002844
002848,002847
002851,002850
002854,002853
002857,002856
002860,002859
002863,002862
002866,002865
002869,002868
002872,002871
002875,002874
002878,002877
002881,002880
002884,002883
002887,002886
002890,002889
002893,002892
002896,002895
002899,002898
002902,002901
002905,002904
002908,002907
002911,002910
002914,002913
002917,002916
002920,002919
002923,002922
002926,002925
002929,002928
002932,002931
002935,002934
002938,002937
002941,002940
002944,002943
002947,002946
002950,002949
002953,002952
002956,002955
002959,002958
002962,002961
002965,002964
002968,002967
002971,002970
002974,002973
002977,002976
002980,002979
002983,002982
002986,002985
002989,002988
002992,002991
002995,002994
002998,002997
003001,003000
003004,003003
003007,003006
003010,003009
003013,003012
003016,003015
003019,003018
003022,003021
003025,003024
003028,003027
003031,003030
003034,003033
003037,003036
003040,003039
003043,003042
003046,003045
003049,003048
003052,003051
003055,003054
003058,003057
003061,003060
003064,003063
003067,003066
003070,003069
003073,003072
003076,003075
003079,003078
003082,003081
003085,003084
003088,003087
003091,003090
003094,003093
003097,003096
003100,003099
003103,003102
003106,003105
003109,003108
003112,003111
003115,003114
003118,003117
003121,003120
003124,003123
003127,003126
003130,003129
003133,003132
003136,003135
003139,003138
003142,003141
003145,003144
003148,003147
003151,003150
003154,003153
003157,003156
003160,003159
003163,003162
003166,003165
003169,003168
003172,003171
003175,003174
003178,003177
003181,003180
003184,003183
003187,003186
003190,003189
003193,003192
003196,003195
003199,003198
003202,003201
003205,003204
003208,003207
003211,003210
003214,003213
003217,003216
003220,003219
003223,003222
003226,003225
003229,003228
003232,003231
003235,003234
003238,003237
003241,003240
003244,003243
003247,003246
003250,003249
003253,003252
003256,003255
003259,003258
003262,003261
003265,003264
003268,003267
003271,003270
003274,003273
003277,003276
003280,003279
003283,003282
003286,003285
003289,003288
003292,003291
003295,003294
003298,003297
003301,003300
003304,003303
003307,003306
003310,003309
003313,003312
003316,003315
003319,003318
003322,003321
003325,003324
003328,003327
003331,003330
003334,003333
003337,003336
003340,003339
003343,003342
003346,003345
003349,003348
003352,003351
003355,003354
003358,003357
003361,003360
003364,003363
003367,003366
003370,003369
003373,003372
003376,003375
003379,003378
003382,003381
003385,003384
003388,003387
003391,003390
003394,003393
003397,003396
003400,003399
003403,003402
003406,003405
003409,003408
003412,003411
003415,003414
003418,003417
003421,003420
003424,003423
003427,003426
003430,003429
003433,003432
003436,003435
003439,003438
003442,003441
003445,003444
003448,003447
003451,003450
003454,003453
003457,003456
003460,003459
003463,003462
003466,003465
003469,003468
003472,003471
003475,003474
003478,003477
003481,003480
003484,003483
003487,003486
003490,003489
003493,003492
003496,003495
003499,003498
003502,003501
003505,003504
003508,003507
003511,003510
003514,003513
003517,003516
003520,003519
003523,003522
003526,003525
003529,003528
003532,003531
003535,003534
003538,003537
003541,003540
003544,003543
003547,003546
003550,003549
003553,003552
003556,003555
003559,003558
003562,003561
003565,003564
003568,003567
003571,003570
003574,003573
003577,003576
003580,003579
003583,003582
003586,003585
003589,003588
003592,003591
003595,003594
003598,003597
003601,003600
003604,003603
003607,003606
003610,003609
003613,003612
003616,003615
003619,003618
003622,003621
003625,003624
003628,003627
003631,003630
003634,003633
003637,003636
003640,003639
003643,003642
003646,003645
003649,003648
003652,003651
003655,003654
003658,003657
003661,003660
003664,003663
003667,003666
003670,003669
003673,003672
003676,003675
003679,003678
003682,003681
003685,003684
003688,003687
003691,003690
003694,003693
003697,003696
003700,003699
003703,003702
003706,003705
003709,003708
003712,003711
003715,003714
003718,003717
003721,003720
003724,003723
003727,003726
003730,003729
003733,003732
003736,003735
003739,003738
003742,003741
003745,003744
003748,003747
003751,003750
003754,003753
003757,003756
003760,003759
003763,003762
003766,003765
003769,003768
003772,003771
003775,003774
003778,003777
003781,003780
003784,003783
003787,003786
003790,003789
003793,003792
003796,003795
003799,003798
003802,003801
003805,003804
003808,003807
003811,003810
003814,003813
003817,003816
003820,003819
003823,003822
003826,003825
003829,003828
003832,003831
003835,003834
003838,003837
003841,003840
003844,003843
003847,003846
003850,003849
003853,003852
003856,003855
003859,003858
003862,003861
003865,003864
003868,003867
003871,003870
003874,003873
003877,003876
003880,003879
003883,003882
003886,003885
003889,003888
003892,003891
003895,003894
003898,003897
003901,003900
003904,003903
003907,003906
003910,003909
003913,003912
003916,003915
003919,003918
003922,003921
003925,003924
003928,003927
003931,003930
003934,003933
003937,003936
003940,003939
003943,003942
003946,003945
003949,003948
003952,003951
003955,003954
003958,003957
003961,003960
003964,003963
003967,003966
003970,003969
003973,003972
003976,003975
003979,003978
003982,003981
003985,003984
003988,003987
003991,003990
003994,003993
003997,003996
004000,003999
004003,004002
004006,004005
004009,004008
004012,004011
004015,004014
004018,004017
004021,004020
004024,004023
004027,004026
004030,004029
004033,004032
004036,004035
004039,004038
004042,004041
004045,004044
004048,004047
004051,004050
004054,004053
004057,004056
004060,004059
004063,004062
004066,004065
004069,004068
004072,004071
004075,004074
004078,004077
004081,004080
004084,004083
004087,004086
004090,004089
004093,004092
004096,004095
004099,004098
004102,004101
004105,004104
004108,004107
004111,004110
004114,004113
004117,004116
004120,004119
004123,004122
004126,004125
004129,004128
004132,004131
004135,004134
004138,004137
004141,004140
004144,004143
004147,004146
004150,004149
004153,004152
004156,004155
004159,004158
004162,004161
004165,004164
004168,004167
004171,004170
004174,004173
004177,004176
004180,004179
004183,004182
004186,004185
004189,004188
004192,004191
004195,004194
004198,004197
004201,004200
004204,004203
004207,004206
004210,004209
004213,004212
004216,004215
004219,004218
004222,004221
004225,004224
004228,004227
004231,004230
004234,004233
004237,004236
004240,004239
004243,004242
004246,004245
004249,004248
004252,004251
004255,004254
004258,004257
004261,004260
004264,004263
004267,004266
004270,004269
004273,004272
004276,004275
004279,004278
004282,004281
004285,004284
004288,004287
004291,004290
004294,004293
004297,004296
004300,004299
004303,004302
004306,004305
004309,004308
004312,004311
004315,004314
004318,004317
004321,004320
004324,004323
004327,004326
004330,004329
004333,004332
004336,004335
004339,004338
004342,004341
004345,004344
004348,004347
004351,004350
004354,004353
004357,004356
004360,004359
004363,004362
004366,004365
004369,004368
004372,004371
004375,004374
004378,004377
004381,004380
004384,004383
004387,004386
004390,004389
004393,004392
004396,004395
004399,004398
004402,004401
004405,004404
004408,004407
004411,004410
004414,004413
004417,004416
004420,004419
004423,004422
004426,004425
004429,004428
004432,004431
004435,004434
004438,004437
004441,004440
004444,004443
004447,004446
004450,004449
004453,004452
004456,004455
004459,004458
004462,004461
004465,004464
004468,004467
004471,004470
004474,004473
004477,004476
004480,004479
004483,004482
004486,004485
004489,004488
004492,004491
004495,004494
004498,004497
004501,004500
004504,004503
004507,004506
004510,004509
004513,004512
004516,004515
004519,004518
004522,004521
004525,004524
004528,004527
004531,004530
004534,004533
004537,004536
004540,004539
004543,004542
004546,004545
004549,004548
004552,004551
004555,004554
004558,004557
004561,004560
004564,004563
004567,004566
004570,004569
004573,004572
004576,004575
004579,004578
004582,004581
004585,004584
004588,004587
004591,004590
004594,004593
004597,004596
004600,004599
004603,004602
004606,004605
004609,004608
004612,004611
004615,004614
004618,004617
004621,004620
004624,004623
004627,004626
004630,004629
004633,004632
004636,004635
004639,004638
004642,004641
004645,004644
004648,004647
004651,004650
004654,004653
004657,004656
004660,004659
004663,004662
004666,004665
004669,004668
004672,004671
004675,004674
004678,004677
004681,004680
004684,004683
004687,004686
004690,004689
004693,004692
004696,004695
004699,004698
004702,004701
004705,004704
004708,004707
004711,004710
004714,004713
004717,004716
004720,004719
004723,004722
004726,004725
004729,004728
004732,004731
004735,004734
004738,004737
004741,004740
004744,004743
004747,004746
004750,004749
004753,004752
004756,004755
004759,004758
004762,004761
004765,004764
004768,004767
004771,004770
004774,004773
004777,004776
004780,004779
004783,004782
004786,004785
004789,004788
004792,004791
004795,004794
004798,004797
004801,004800
004804,004803
004807,004806
004810,004809
004813,004812
004816,004815
004819,004818
004822,004821
004825,004824
004828,004827
004831,004830
004834,004833
004837,004836
004840,004839
004843,004842
004846,004845
004849,004848
004852,004851
004855,004854
004858,004857
004861,004860
004864,004863
004867,004866
004870,004869
004873,004872
004876,004875
004879,004878
004882,004881
004885,004884
004888,004887
004891,004890
004894,004893
004897,004896
004900,004899
004903,004902
004906,004905
004909,004908
004912,004911
004915,004914
004918,004917
004921,004920
004924,004923
004927,004926
004930,004929
004933,004932
004936,004935
004939,004938
004942,004941
004945,004944
004948,004947
004951,004950
004954,004953
004957,004956
004960,004959
004963,004962
004966,004965
004969,004968
004972,004971
004975,004974
004978,004977
004981,004980
004984,004983
004987,004986
004990,004989
004993,004992
004996,004995
004999,004998
005002,005001
005005,005004
005008,005007
005011,005010
005014,005013
005017,005016
005020,005019
005023,005022
005026,005025
005029,005028
005032,005031
005035,005034
005038,005037
005041,005040
005044,005043
005047,005046
005050,005049
005053,005052
005056,005055
005059,005058
005062,005061
005065,005064
005068,005067
005071,005070
005074,005073
005077,005076
005080,005079
005083,005082
005086,005085
005089,005088
005092,005091
005095,005094
005098,005097
005101,005100
005104,005103
005107,005106
005110,005109
005113,005112
005116,005115
005119,005118
005122,005121
005125,005124
005128,005127
005131,005130
005134,005133
005137,005136
005140,005139
005143,005142
005146,005145
005149,005148
005152,005151
005155,005154
005158,005157
005161,005160
005164,005163
005167,005166
005170,005169
005173,005172
005176,005175
005179,005178
005182,005181
005185,005184
005188,005187
005191,005190
005194,005193
005197,005196
005200,005199
005203,005202
005206,005205
005209,005208
005212,005211
005215,005214
005218,005217
005221,005220
005224,005223
005227,005226
005230,005229
005233,005232
005236,005235
005239,005238
005242,005241
005245,005244
005248,005247
005251,005250
005254,005253
005257,005256
005260,005259
005263,005262
005266,005265
005269,005268
005272,005271
005275,005274
005278,005277
005281,005280
005284,005283
005287,005286
005290,005289
005293,005292
005296,005295
005299,005298
005302,005301
005305,005304
005308,005307
005311,005310
005314,005313
005317,005316
005320,005319
005323,005322
005326,005325
005329,005328
005332,005331
005335,005334
005338,005337
005341,005340
005344,005343
005347,005346
005350,005349
005353,005352
005356,005355
005359,005358
005362,005361
005365,005364
005368,005367
005371,005370
005374,005373
005377,005376
005380,005379
005383,005382
005386,005385
005389,005388
005392,005391
005395,005394
005398,005397
005401,005400
005404,005403
005407,005406
005410,005409
005413,005412
005416,005415
005419,005418
005422,005421
005425,005424
005428,005427
005431,005430
005434,005433
005437,005436
005440,005439
005443,005442
005446,005445
005449,005448
005452,005451
005455,005454
005458,005457
005461,005460
005464,005463
005467,005466
005470,005469
005473,005472
005476,005475
005479,005478
005482,005481
005485,005484
005488,005487
005491,005490
005494,005493
005497,005496
005500,005499
005503,005502
005506,005505
005509,005508
005512,005511
005515,005514
005518,005517
005521,005520
005524,005523
005527,005526
005530,005529
005533,005532
005536,005535
005539,005538
005542,005541
005545,005544
005548,005547
005551,005550
005554,005553
005557,005556
005560,005559
005563,005562
005566,005565
005569,005568
005572,005571
005575,005574
005578,005577
005581,005580
005584,005583
005587,005586
005590,005589
005593,005592
005596,005595
005599,005598
005602,005601
005605,005604
005608,005607
005611,005610
005614,005613
005617,005616
005620,005619
005623,005622
005626,005625
005629,005628
005632,005631
005635,005634
005638,005637
005641,005640
005644,005643
005647,005646
005650,005649
005653,005652
005656,005655
005659,005658
005662,005661
005665,005664
005668,005667
005671,005670
005674,005673
005677,005676
005680,005679
005683,005682
005686,005685
005689,005688
005692,005691
005695,005694
005698,005697
005701,005700
005704,005703
005707,005706
005710,005709
005713,005712
005716,005715
005719,005718
005722,005721
005725,005724
005728,005727
005731,005730
005734,005733
005737,005736
005740,005739
005743,005742
005746,005745
005749,005748
005752,005751
005755,005754
005758,005757
005761,005760
005764,005763
005767,005766
005770,005769
005773,005772
005776,005775
005779,005778
005782,005781
005785,005784
005788,005787
005791,005790
005794,005793
005797,005796
005800,005799
005803,005802
005806,005805
005809,005808
005812,005811
005815,005814
005818,005817
005821,005820
005824,005823
005827,005826
005830,005829
005833,005832
005836,005835
005839,005838
005842,005841
005845,005844
005848,005847
005851,005850
005854,005853
005857,005856
005860,005859
005863,005862
005866,005865
005869,005868
005872,005871
005875,005874
005878,005877
005881,005880
005884,005883
005887,005886
005890,005889
005893,005892
005896,005895
005899,005898
005902,005901
005905,005904
005908,005907
005911,005910
005914,005913
005917,005916
005920,005919
005923,005922
005926,005925
005929,005928
005932,005931
005935,005934
005938,005937
005941,005940
005944,005943
005947,005946
005950,005949
005953,005952
005956,005955
005959,005958
005962,005961
005965,005964
005968,005967
005971,005970
005974,005973
005977,005976
005980,005979
005983,005982
005986,005985
005989,005988
005992,005991
005995,005994
005998,005997
006001,006000
006004,006003
006007,006006
006010,006009
006013,006012
006016,006015
006019,006018
006022,006021
006025,006024
006028,006027
006031,006030
006034,006033
006037,006036
006040,006039
006043,006042
006046,006045
006049,006048
006052,006051
006055,006054
006058,006057
006061,006060
006064,006063
006067,006066
006070,006069
006073,006072
006076,006075
006079,006078
006082,006081
006085,006084
006088,006087
006091,006090
006094,006093
006097,006096
006100,006099
006103,006102
006106,006105
006109,006108
006112,006111
006115,006114
006118,006117
006121,006120
006124,006123
006127,006126
006130,006129
006133,006132
006136,006135
006139,006138
006142,006141
006145,006144
006148,006147
006151,006150
006154,006153
006157,006156
006160,006159
006163,006162
006166,006165
006169,006168
006172,006171
006175,006174
006178,006177
006181,006180
006184,006183
006187,006186
006190,006189
006193,006192
006196,006195
006199,006198
006202,006201
006205,006204
006208,006207
006211,006210
006214,006213
006217,006216
006220,006219
006223,006222
006226,006225
006229,006228
006232,006231
006235,006234
006238,006237
006241,006240
006244,006243
006247,006246
006250,006249
006253,006252
006256,006255
006259,006258
006262,006261
006265,006264
006268,006267
006271,006270
006274,006273
006277,006276
006280,006279
006283,006282
006286,006285
006289,006288
006292,006291
006295,006294
006298,006297
006301,006300
006304,006303
006307,006306
006310,006309
006313,006312
006316,006315
006319,006318
006322,006321
006325,006324
006328,006327
006331,006330
006334,006333
006337,006336
006340,006339
006343,006342
006346,006345
006349,006348
006352,006351
006355,006354
006358,006357
006361,006360
006364,006363
006367,006366
006370,006369
006373,006372
006376,006375
006379,006378
006382,006381
006385,006384
006388,006387
006391,006390
006394,006393
006397,006396
006400,006399
006403,006402
006406,006405
006409,006408
006412,006411
006415,006414
006418,006417
006421,006420
006424,006423
006427,006426
006430,006429
006433,006432
006436,006435
006439,006438
006442,006441
006445,006444
006448,006447
006451,006450
006454,006453
006457,006456
006460,006459
006463,006462
006466,006465
006469,006468
006472,006471
006475,006474
006478,006477
006481,006480
006484,006483
006487,006486
006490,006489
006493,006492
006496,006495
006499,006498
006502,006501
006505,006504
006508,006507
006511,006510
006514,006513
006517,006516
006520,006519
006523,006522
006526,006525
006529,006528
006532,006531
006535,006534
006538,006537
006541,006540
006544,006543
006547,006546
006550,006549
006553,006552
006556,006555
006559,006558
006562,006561
006565,006564
006568,006567
006571,006570
006574,006573
006577,006576
006580,006579
006583,006582
006586,006585
006589,006588
006592,006591
006595,006594
006598,006597
006601,006600
006604,006603
006607,006606
006610,006609
006613,006612
006616,006615
006619,006618
006622,006621
006625,006624
006628,006627
006631,006630
006634,006633
006637,006636
006640,006639
006643,006642
006646,006645
006649,006648
006652,006651
006655,006654
006658,006657
006661,006660
006664,006663
006667,006666
006670,006669
006673,006672
006676,006675
006679,006678
006682,006681
006685,006684
006688,006687
006691,006690
006694,006693
006697,006696
006700,006699
006703,006702
006706,006705
006709,006708
006712,006711
006715,006714
006718,006717
006721,006720
006724,006723
006727,006726
006730,006729
006733,006732
006736,006735
006739,006738
006742,006741
006745,006744
006748,006747
006751,006750
006754,006753
006757,006756
006760,006759
006763,006762
006766,006765
006769,006768
006772,006771
006775,006774
006778,006777
006781,006780
006784,006783
006787,006786
006790,006789
006793,006792
006796,006795
006799,006798
006802,006801
006805,006804
006808,006807
006811,006810
006814,006813
006817,006816
006820,006819
006823,006822
006826,006825
006829,006828
006832,006831
006835,006834
006838,006837
006841,006840
006844,006843
006847,006846
006850,006849
006853,006852
006856,006855
006859,006858
006862,006861
006865,006864
006868,006867
006871,006870
006874,006873
006877,006876
006880,006879
006883,006882
006886,006885
006889,006888
006892,006891
006895,006894
006898,006897
006901,006900
006904,006903
006907,006906
006910,006909
006913,006912
006916,006915
006919,006918
006922,006921
006925,006924
006928,006927
006931,006930
006934,006933
006937,006936
006940,006939
006943,006942
006946,006945
006949,006948
006952,006951
006955,006954
006958,006957
006961,006960
006964,006963
006967,006966
006970,006969
006973,006972
006976,006975
006979,006978
006982,006981
006985,006984
006988,006987
006991,006990
006994,006993
006997,006996
007000,006999
007003,007002
007006,007005
007009,007008
007012,007011
007015,007014
007018,007017
007021,007020
007024,007023
007027,007026
007030,007029
007033,007032
007036,007035
007039,007038
007042,007041
007045,007044
007048,007047
007051,007050
007054,007053
007057,007056
007060,007059
007063,007062
007066,007065
007069,007068
007072,007071
007075,007074
007078,007077
007081,007080
007084,007083
007087,007086
007090,007089
007093,007092
007096,007095
007099,007098
007102,007101
007105,007104
007108,007107
007111,007110
007114,007113
007117,007116
007120,007119
007123,007122
007126,007125
007129,007128
007132,007131
007135,007134
007138,007137
007141,007140
007144,007143
007147,007146
007150,007149
007153,007152
007156,007155
007159,007158
007162,007161
007165,007164
007168,007167
007171,007170
007174,007173
007177,007176
007180,007179
007183,007182
007186,007185
007189,007188
007192,007191
007195,007194
007198,007197
007201,007200
007204,007203
007207,007206
007210,007209
007213,007212
007216,007215
007219,007218
007222,007221
007225,007224
007228,007227
007231,007230
007234,007233
007237,007236
007240,007239
007243,007242
007246,007245
007249,007248
007252,007251
007255,007254
007258,007257
007261,007260
007264,007263
007267,007266
007270,007269
007273,007272
007276,007275
007279,007278
007282,007281
007285,007284
007288,007287
007291,007290
007294,007293
007297,007296
007300,007299
007303,007302
007306,007305
007309,007308
007312,007311
007315,007314
007318,007317
007321,007320
007324,007323
007327,007326
007330,007329
007333,007332
007336,007335
007339,007338
007342,007341
007345,007344
007348,007347
007351,007350
007354,007353
007357,007356
007360,007359
007363,007362
007366,007365
007369,007368
007372,007371
007375,007374
007378,007377
007381,007380
007384,007383
007387,007386
007390,007389
007393,007392
007396,007395
007399,007398
007402,007401
007405,007404
007408,007407
007411,007410
007414,007413
007417,007416
007420,007419
007423,007422
007426,007425
007429,007428
007432,007431
007435,007434
007438,007437
007441,007440
007444,007443
007447,007446
007450,007449
007453,007452
007456,007455
007459,007458
007462,007461
007465,007464
007468,007467
007471,007470
007474,007473
007477,007476
007480,007479
007483,007482
007486,007485
007489,007488
007492,007491
007495,007494
007498,007497
007501,007500
007504,007503
007507,007506
007510,007509
007513,007512
007516,007515
007519,007518
007522,007521
007525,007524
007528,007527
007531,007530
007534,007533
007537,007536
007540,007539
007543,007542
007546,007545
007549,007548
007552,007551
007555,007554
007558,007557
007561,007560
007564,007563
007567,007566
007570,007569
007573,007572
007576,007575
007579,007578
007582,007581
007585,007584
007588,007587
007591,007590
007594,007593
007597,007596
007600,007599
007603,007602
007606,007605
007609,007608
007612,007611
007615,007614
007618,007617
007621,007620
007624,007623
007627,007626
007630,007629
007633,007632
007636,007635
007639,007638
007642,007641
007645,007644
007648,007647
007651,007650
007654,007653
007657,007656
007660,007659
007663,007662
007666,007665
007669,007668
007672,007671
007675,007674
007678,007677
007681,007680
007684,007683
007687,007686
007690,007689
007693,007692
007696,007695
007699,007698
007702,007701
007705,007704
007708,007707
007711,007710
007714,007713
007717,007716
007720,007719
007723,007722
007726,007725
007729,007728
007732,007731
007735,007734
007738,007737
007741,007740
007744,007743
007747,007746
007750,007749
007753,007752
007756,007755
007759,007758
007762,007761
007765,007764
007768,007767
007771,007770
007774,007773
007777,007776
007780,007779
007783,007782
007786,007785
007789,007788
007792,007791
007795,007794
007798,007797
007801,007800
007804,007803
007807,007806
007810,007809
007813,007812
007816,007815
007819,007818
007822,007821
007825,007824
007828,007827
007831,007830
007834,007833
007837,007836
007840,007839
007843,007842
007846,007845
007849,007848
007852,007851
007855,007854
007858,007857
007861,007860
007864,007863
007867,007866
007870,007869
007873,007872
007876,007875
007879,007878
007882,007881
007885,007884
007888,007887
007891,007890
007894,007893
007897,007896
007900,007899
007903,007902
007906,007905
007909,007908
007912,007911
007915,007914
007918,007917
007921,007920
007924,007923
007927,007926
007930,007929
007933,007932
007936,007935
007939,007938
007942,007941
007945,007944
007948,007947
007951,007950
007954,007953
007957,007956
007960,007959
007963,007962
007966,007965
007969,007968
007972,007971
007975,007974
007978,007977
007981,007980
007984,007983
007987,007986
007990,007989
007993,007992
007996,007995
007999,007998
008002,008001
008005,008004
008008,008007
008011,008010
008014,008013
008017,008016
008020,008019
008023,008022
008026,008025
008029,008028
008032,008031
008035,008034
008038,008037
008041,008040
008044,008043
008047,008046
008050,008049
008053,008052
008056,008055
008059,008058
008062,008061
008065,008064
008068,008067
008071,008070
008074,008073
008077,008076
008080,008079
008083,008082
008086,008085
008089,008088
008092,008091
008095,008094
008098,008097
008101,008100
008104,008103
008107,008106
008110,008109
008113,008112
008116,008115
008119,008118
008122,008121
008125,008124
008128,008127
008131,008130
008134,008133
008137,008136
008140,008139
008143,008142
008146,008145
008149,008148
008152,008151
008155,008154
008158,008157
008161,008160
008164,008163
008167,008166
008170,008169
008173,008172
008176,008175
008179,008178
008182,008181
008185,008184
008188,008187
008191,008190
008194,008193
008197,008196
008200,008199
008203,008202
008206,008205
008209,008208
008212,008211
008215,008214
008218,008217
008221,008220
008224,008223
008227,008226
008230,008229
008233,008232
008236,008235
008239,008238
008242,008241
008245,008244
008248,008247
008251,008250
008254,008253
008257,008256
008260,008259
008263,008262
008266,008265
008269,008268
008272,008271
008275,008274
008278,008277
008281,008280
008284,008283
008287,008286
008290,008289
008293,008292
008296,008295
008299,008298
008302,008301
008305,008304
008308,008307
008311,008310
008314,008313
008317,008316
008320,008319
008323,008322
008326,008325
008329,008328
008332,008331
008335,008334
008338,008337
008341,008340
008344,008343
008347,008346
008350,008349
008353,008352
008356,008355
008359,008358
008362,008361
008365,008364
008368,008367
008371,008370
008374,008373
008377,008376
008380,008379
008383,008382
008386,008385
008389,008388
008392,008391
008395,008394
008398,008397
008401,008400
008404,008403
008407,008406
008410,008409
008413,008412
008416,008415
008419,008418
008422,008421
008425,008424
008428,008427
008431,008430
008434,008433
008437,008436
008440,008439
008443,008442
008446,008445
008449,008448
008452,008451
008455,008454
008458,008457
008461,008460
008464,008463
008467,008466
008470,008469
008473,008472
008476,008475
008479,008478
008482,008481
008485,008484
008488,008487
008491,008490
008494,008493
008497,008496
008500,008499
008503,008502
008506,008505
008509,008508
008512,008511
008515,008514
008518,008517
008521,008520
008524,008523
008527,008526
008530,008529
008533,008532
008536,008535
008539,008538
008542,008541
008545,008544
008548,008547
008551,008550
008554,008553
008557,008556
008560,008559
008563,008562
008566,008565
008569,008568
008572,008571
008575,008574
008578,008577
008581,008580
008584,008583
008587,008586
008590,008589
008593,008592
008596,008595
008599,008598
008602,008601
008605,008604
008608,008607
008611,008610
008614,008613
008617,008616
008620,008619
008623,008622
008626,008625
008629,008628
008632,008631
008635,008634
008638,008637
008641,008640
008644,008643
008647,008646
008650,008649
008653,008652
008656,008655
008659,008658
008662,008661
008665,008664
008668,008667
008671,008670
008674,008673
008677,008676
008680,008679
008683,008682
008686,008685
008689,008688
008692,008691
008695,008694
008698,008697
008701,008700
008704,008703
008707,008706
008710,008709
008713,008712
008716,008715
008719,008718
008722,008721
008725,008724
008728,008727
008731,008730
008734,008733
008737,008736
008740,008739
008743,008742
008746,008745
008749,008748
008752,008751
008755,008754
008758,008757
008761,008760
008764,008763
008767,008766
008770,008769
008773,008772
008776,008775
008779,008778
008782,008781
008785,008784
008788,008787
008791,008790
008794,008793
008797,008796
008800,008799
008803,008802
008806,008805
008809,008808
008812,008811
008815,008814
008818,008817
008821,008820
008824,008823
008827,008826
008830,008829
008833,008832
008836,008835
008839,008838
008842,008841
008845,008844
008848,008847
008851,008850
008854,008853
008857,008856
008860,008859
008863,008862
008866,008865
008869,008868
008872,008871
008875,008874
008878,008877
008881,008880
008884,008883
008887,008886
008890,008889
008893,008892
008896,008895
008899,008898
008902,008901
008905,008904
008908,008907
008911,008910
008914,008913
008917,008916
008920,008919
008923,008922
008926,008925
008929,008928
008932,008931
008935,008934
008938,008937
008941,008940
008944,008943
008947,008946
008950,008949
008953,008952
008956,008955
008959,008958
008962,008961
008965,008964
008968,008967
008971,008970
008974,008973
008977,008976
008980,008979
008983,008982
008986,008985
008989,008988
008992,008991
008995,008994
008998,008997
009001,009000
009004,009003
009007,009006
009010,009009
009013,009012
009016,009015
009019,009018
009022,009021
009025,009024
009028,009027
009031,009030
009034,009033
009037,009036
009040,009039
009043,009042
009046,009045
009049,009048
009052,009051
009055,009054
009058,009057
009061,009060
009064,009063
009067,009066
009070,009069
009073,009072
009076,009075
009079,009078
009082,009081
009085,009084
009088,009087
009091,009090
009094,009093
009097,009096
009100,009099
009103,009102
009106,009105
009109,009108
009112,009111
009115,009114
009118,009117
009121,009120
009124,009123
009127,009126
009130,009129
009133,009132
009136,009135
009139,009138
009142,009141
009145,009144
009148,009147
009151,009150
009154,009153
009157,009156
009160,009159
009163,009162
009166,009165
009169,009168
009172,009171
009175,009174
009178,009177
009181,009180
009184,009183
009187,009186
009190,009189
009193,009192
009196,009195
009199,009198
009202,009201
009205,009204
009208,009207
009211,009210
009214,009213
009217,009216
009220,009219
009223,009222
009226,009225
009229,009228
009232,009231
009235,009234
009238,009237
009241,009240
009244,009243
009247,009246
009250,009249
009253,009252
009256,009255
009259,009258
009262,009261
009265,009264
009268,009267
009271,009270
009274,009273
009277,009276
009280,009279
009283,009282
009286,009285
009289,009288
009292,009291
009295,009294
009298,009297
009301,009300
009304,009303
009307,009306
009310,009309
009313,009312
009316,009315
009319,009318
009322,009321
009325,009324
009328,009327
009331,009330
009334,009333
009337,009336
009340,009339
009343,009342
009346,009345
009349,009348
009352,009351
009355,009354
009358,009357
009361,009360
009364,009363
009367,009366
009370,009369
009373,009372
009376,009375
009379,009378
009382,009381
009385,009384
009388,009387
009391,009390
009394,009393
009397,009396
009400,009399
009403,009402
009406,009405
009409,009408
009412,009411
009415,009414
009418,009417
009421,009420
009424,009423
009427,009426
009430,009429
009433,009432
009436,009435
009439,009438
009442,009441
009445,009444
009448,009447
009451,009450
009454,009453
009457,009456
009460,009459
009463,009462
009466,009465
009469,009468
009472,009471
009475,009474
009478,009477
009481,009480
009484,009483
009487,009486
009490,009489
009493,009492
009496,009495
009499,009498
009502,009501
009505,009504
009508,009507
009511,009510
009514,009513
009517,009516
009520,009519
009523,009522
009526,009525
009529,009528
009532,009531
009535,009534
009538,009537
009541,009540
009544,009543
009547,009546
009550,009549
009553,009552
009556,009555
009559,009558
009562,009561
009565,009564
009568,009567
009571,009570
009574,009573
009577,009576
009580,009579
009583,009582
009586,009585
009589,009588
009592,009591
009595,009594
009598,009597
009601,009600
009604,009603
009607,009606
009610,009609
009613,009612
009616,009615
009619,009618
009622,009621
009625,009624
009628,009627
009631,009630
009634,009633
009637,009636
009640,009639
009643,009642
009646,009645
009649,009648
009652,009651
009655,009654
009658,009657
009661,009660
009664,009663
009667,009666
009670,009669
009673,009672
009676,009675
009679,009678
009682,009681
009685,009684
009688,009687
009691,009690
009694,009693
009697,009696
009700,009699
009703,009702
009706,009705
009709,009708
009712,009711
009715,009714
009718,009717
009721,009720
009724,009723
009727,009726
009730,009729
009733,009732
009736,009735
009739,009738
009742,009741
009745,009744
009748,009747
009751,009750
009754,009753
009757,009756
009760,009759
009763,009762
009766,009765
009769,009768
009772,009771
009775,009774
009778,009777
009781,009780
009784,009783
009787,009786
009790,009789
009793,009792
009796,009795
009799,009798
009802,009801
009805,009804
009808,009807
009811,009810
009814,009813
009817,009816
009820,009819
009823,009822
009826,009825
009829,009828
009832,009831
009835,009834
009838,009837
009841,009840
009844,009843
009847,009846
009850,009849
009853,009852
009856,009855
009859,009858
009862,009861
009865,009864
009868,009867
009871,009870
009874,009873
009877,009876
009880,009879
009883,009882
009886,009885
009889,009888
009892,009891
009895,009894
009898,009897
009901,009900
009904,009903
009907,009906
009910,009909
009913,009912
009916,009915
009919,009918
009922,009921
009925,009924
009928,009927
009931,009930
009934,009933
009937,009936
009940,009939
009943,009942
009946,009945
009949,009948
009952,009951
009955,009954
009958,009957
009961,009960
009964,009963
009967,009966
009970,009969
009973,009972
009976,009975
009979,009978
009982,009981
009985,009984
009988,009987
009991,009990
009994,009993
009997,009996
010000,009999
